1 0.9999998807907104 172.22491455078125 22.186302185058594 230.20880126953125 76.08638000488281
10 1.0 232.94187927246094 34.64694595336914 320.9488525390625 110.27018737792969
100 0.9999998807907104 287.367919921875 21.793872833251953 430.23016357421875 147.92494201660156
101 1.0 488.0713195800781 110.48805236816406 589.95703125 209.0572509765625
102 1.0 433.458251953125 77.38545227050781 610.0442504882812 242.74635314941406
103 0.9999990463256836 443.6072082519531 85.7575454711914 559.4736328125 249.85479736328125
104 1.0 816.1345825195312 72.15293884277344 963.8335571289062 218.23789978027344
105 1.0 826.064697265625 36.359920501708984 1273.9100341796875 441.0589294433594
106 1.0 190.20465087890625 60.68986892700195 227.9977264404297 94.04097747802734
107 0.999336302280426 17.22495460510254 55.55101013183594 151.60366821289062 183.17218017578125
108 0.9999903440475464 237.2888641357422 29.82331657409668 271.5966796875 66.706298828125
109 0.9999998807907104 367.28961181640625 58.40586471557617 730.9766235351562 457.50537109375
11 0.9999998807907104 499.5945129394531 34.00749206542969 716.1841430664062 274.0824279785156
110 0.9999995231628418 124.27603912353516 9.468061447143555 189.10714721679688 62.402748107910156
111 0.9999997615814209 299.4034729003906 11.383840560913086 528.8057861328125 254.40721130371094
112 0.999993085861206 115.75489807128906 91.83026885986328 171.21778869628906 151.272216796875
113 0.9999842643737793 26.320110321044922 6.808348655700684 95.83992004394531 68.41944885253906
114 0.9999990463256836 60.06504821777344 28.37392234802246 123.45570373535156 89.37488555908203
115 0.9999998807907104 222.16004943847656 87.11068725585938 320.3192443847656 183.7942352294922
116 0.9999997615814209 94.88945007324219 45.793277740478516 185.11343383789062 132.4532012939453
118 1.0 52.71780014038086 33.47202682495117 156.23695373535156 141.044189453125
119 0.9973681569099426 118.70341491699219 129.33688354492188 140.89169311523438 150.17933654785156
12 0.9999998807907104 834.0557250976562 34.22879409790039 1155.9281005859375 339.4791259765625
120 0.9999982118606567 68.22980499267578 141.67831420898438 312.2080383300781 397.9440612792969
121 0.9999896287918091 754.7045288085938 42.12944412231445 961.3579711914062 294.1102600097656
121 0.9952070116996765 32.501502990722656 247.12330627441406 108.2016830444336 335.2198791503906
122 1.0 150.52333068847656 34.46734619140625 259.0 133.57435607910156
123 1.0 118.72236633300781 61.26802444458008 202.43739318847656 150.48590087890625
124 0.9999996423721313 59.722877502441406 17.615692138671875 127.2572250366211 80.987548828125
125 1.0 30.686983108520508 13.335433959960938 191.40243530273438 208.47836303710938
126 0.9999922513961792 52.983646392822266 5.871126174926758 138.893798828125 89.67423248291016
127 1.0 272.6872253417969 60.47721481323242 362.3932189941406 143.41348266601562
128 0.9999990463256836 21.90433120727539 7.2381391525268555 133.0238800048828 156.2645263671875
129 1.0 36.96731185913086 81.39305877685547 308.5147399902344 365.92193603515625
13 1.0 673.3527221679688 119.34070587158203 898.217529296875 301.345703125
130 0.9999997615814209 190.53318786621094 8.058324813842773 588.2680053710938 482.3931884765625
131 1.0 382.09771728515625 27.54440689086914 427.8751525878906 71.1513900756836
131 0.999907374382019 110.75813293457031 35.711647033691406 147.67596435546875 69.20942687988281
132 0.9999995231628418 366.7838134765625 57.71012878417969 523.62646484375 207.27415466308594
133 1.0 358.6221618652344 47.14331817626953 584.1076049804688 279.9518737792969
134 0.9999992847442627 64.35662841796875 42.203861236572266 297.69757080078125 286.3014831542969
135 1.0 319.4391784667969 22.58659553527832 503.913818359375 203.46322631835938
